tree
version=v4
num_class=3
num_tree_per_iteration=3
label_index=0
max_feature_idx=7
objective=multiclass num_class:3
feature_names=Column_0 Column_1 Column_2 Column_3 Column_4 Column_5 Column_6 Column_7
feature_infos=[-2.1937708985675042:4.6092367794219591] [-3.0505803367724673:2.8330138357286008] [-3.5998177666972224:2.8623202256757874] [-1.9096665879134369:5.5565228542174534] [-3.0644910721688028:7.0873983773093325] [-7.1324311484956837:0.6849927035576252] [-4.1730990031653246:4.2095361600270982] [-3.214679762926469:4.6181596246991603]
tree_sizes=1585 1590 1349 1691 1684 1480 1491 1585 1173 1391 1589 1284 1394 1379 1493 1404 1681 1484 1404 1379 1390 1307 1496 1191 1303 1179 1185 1512 1696 1402

Tree=0
num_leaves=14
num_cat=0
split_feature=0 5 0 5 3 3 6 5 3 3 0 1 1
split_gain=949.539 147.58 82.4574 82.7438 59.245 50.5823 14.3004 12.4865 7.76714 4.67333 1.17763 0.117127 0.0965731
threshold=-0.31860684232686604 -0.055085641963733625 -0.051723462537488989 0.041078817954627332 0.27863882645135646 0.13585228224686965 -1.1634372905293131 -0.2480983514143838 0.69449692859310996 -0.69219788758891376 0.051379601164055759 -0.32626393289450983 -1.1924299461305279
decision_type=2 2 2 2 2 2 2 2 2 2 2 2 2
left_child=1 7 3 11 6 -5 -3 12 -6 -4 -11 -2 -1
right_child=2 4 9 5 8 -7 -8 -9 -10 10 -12 -13 -14
leaf_value=-1.4418348332885886 -1.4418348332885886 -0.82618126254151081 -1.1199244694992669 -0.35677490017113345 -0.78136356965187681 -1.3782013892837228 -0.1191179679175316 -0.82978157582073353 -1.4418348332885886 -1.3460665000612653 -1.4404022478999974 -1.3734288809833577 -1.3734288809833575
leaf_weight=17.542333602905273 43.490368723869324 7.3093056678771964 12.425819635391234 52.99246609210968 10.598493218421938 15.715007185935972 330.38061618804932 13.887680768966673 7.6747709512710562 36.546528339385986 349.01934564113617 7.3093056678771964 7.3093056678771999
leaf_count=48 119 20 34 145 29 43 904 38 21 100 955 20 20
internal_value=-0.866852 -0.282734 -1.31237 -0.94814 -0.181873 -0.590399 -0.134422 -1.20951 -1.05876 -1.42173 -1.43146 -1.43199 -1.42172
internal_weight=912.201 394.703 517.499 119.507 355.963 68.7075 337.69 38.7393 18.2733 397.992 385.566 50.7997 24.8516
internal_count=2496 1080 1416 327 974 188 924 106 50 1089 1055 139 68
is_linear=0
shrinkage=1


Tree=1
num_leaves=14
num_cat=0
split_feature=0 5 5 0 5 3 0 6 7 0 4 7 1
split_gain=637.807 178.501 122.583 65.2369 86.7613 41.8371 25.0129 14.1161 13.423 4.93277 4.78032 0.433692 0.0881452
threshold=-0.36636633457570211 -1.4349144059030141 -0.055085641963733625 -0.13764508849438559 0.041078817954627332 0.27863882645135646 1.7774931591105134 -1.1634372905293131 -0.36330240660542018 0.80083462084555823 0.77258300389915058 1.1236361163401833 -1.2441330249572202
decision_type=2 2 2 2 2 2 2 2 2 2 2 2 2
left_child=2 9 8 4 -3 7 -5 -4 -1 -2 -7 -11 -10
right_child=1 3 5 6 -6 10 -8 -9 12 11 -12 -13 -14
leaf_value=-0.68972958476360002 -0.88975127724704417 -0.022990609818785979 -0.62305568726911864 -0.13149910966274592 -0.96426916268205287 -0.75640348225808141 -0.76725737254788073 -1.3168452149116936 -0.022990609818785979 -1.2231207647194511 -0.20482851207646258 -1.3564685597084141 -0.089664507313267694
leaf_weight=12.748616874217985 7.499186396598815 39.745687901973724 7.499186396598815 382.45850622653961 63.743084371089935 7.499186396598815 16.123250752687454 328.0894048511982 14.623413473367689 7.499186396598815 8.2491050362586957 32.621460825204849 7.4991863965988186
leaf_count=34 20 106 20 1020 170 20 43 875 39 20 22 87 20
internal_value=-0.682784 -0.336804 -1.17522 -0.249054 -0.602764 -1.26396 -0.157217 -1.30134 -0.281083 -1.26197 -0.467483 -1.33154 -0.0455919
internal_weight=935.898 549.69 386.208 502.071 103.489 351.337 398.582 335.589 34.8712 47.6198 15.7483 40.1206 22.1226
internal_count=2496 1466 1030 1339 276 937 1063 895 93 127 42 107 59
is_linear=0
shrinkage=1


Tree=2
num_leaves=12
num_cat=0
split_feature=5 0 5 7 0 3 5 7 7 5 1
split_gain=920.273 139.919 129.128 117.01 35.6785 32.1586 13.5077 27.8131 1.48652 1.40881 1.13687e-13
threshold=-1.4349144059030141 1.1232571801624962 -0.3935228544170033 0.82419660520585636 0.78380690876082149 1.3774272610505276 -1.1398076726035975 0.76026292930550732 1.1236361163401833 -0.95646940520175239 -1.465819494320671
decision_type=2 2 2 2 2 2 2 2 2 2 2
left_child=4 6 3 -3 -1 -4 7 -2 -6 -8 -10
right_child=1 2 5 -5 8 -7 9 -9 10 -11 -12
leaf_value=-0.42514711201173228 -2.9568712188800284 -2.07809095038029 -2.9568712188800284 1.8764202578685358 1.4161067838924826 -0.78189005434317416 -2.7152066450426 -0.85544014203282681 1.8764202578685376 -2.9568712188800284 1.8764202578685349
leaf_weight=2.1724326387047759 4.6552127972245207 3.4138227179646519 9.5173239409923536 4.1379669308662415 2.1724326387047759 2.0689834654331198 6.2069503962993613 2.3793309852480888 6.9310946092009527 212.38115272670984 2.1724326387047768
leaf_count=21 45 33 92 40 21 20 60 23 67 2053 21
internal_value=-2.5967 -2.81796 -1.51995 0.0887645 1.43027 -2.56848 -2.92806 -2.24609 1.78774 -2.95001 1.87642
internal_weight=258.209 244.761 19.1381 7.55179 13.4484 11.5863 225.623 7.03454 11.276 218.588 9.10353
internal_count=2496 2366 185 73 130 112 2181 68 109 2113 88
is_linear=0
shrinkage=1


Tree=3
num_leaves=15
num_cat=0
split_feature=0 1 3 7 3 0 2 5 3 1 0 7 0 5
split_gain=240.466 67.73 35.0876 21.9242 16.9881 15.6564 11.6881 6.7799 5.36056 9.38428 2.42231 2.35582 1.42525 0.429898
threshold=-0.19466303541475236 -0.6529509202890581 0.41562916340249006 -0.85513105470087936 -0.99601738961838759 -0.036396896700302467 -1.6590253763271148 -0.048879920319680713 -0.6234801571360814 -0.38227851392732787 -0.43034667422373346 0.035364966335386487 -0.13764508849438559 0.09129364271518299
decision_type=2 2 2 2 2 2 2 2 2 2 2 2 2 2
left_child=1 4 6 5 7 -2 -3 -1 9 -5 -4 -6 -10 -7
right_child=3 2 10 8 11 13 -8 -9 12 -11 -12 -13 -14 -15
leaf_value=-0.16582728960262058 0.49818773991804483 -0.044283093572879247 -0.11634675861482542 -0.39005463466185092 -0.29751777093382392 -0.42261199604234234 0.42847138348401315 0.45347889725443996 -0.23809799206324597 0.31861376676886466 -0.51381124481252549 -0.54380795626321032 -0.40606115902483297 -0.219235057122564
leaf_weight=7.9619567394256618 12.879777550697328 13.712893575429915 6.3942662775516501 12.625950530171396 21.217484474182129 5.477203816175459 280.6628380715847 9.9321309924125654 13.361962616443632 7.4149470627307883 9.5710880756378156 17.900891184806824 230.5596051774919 4.9436191916465759
leaf_count=28 38 44 21 46 82 22 934 34 47 24 29 68 1059 20
internal_value=0.0072966 0.275276 0.367296 -0.335397 -0.225627 0.129525 0.406449 0.177919 -0.376436 -0.127854 -0.354623 -0.410222 -0.39686 -0.32613
internal_weight=654.617 367.354 310.341 287.263 57.0125 23.3006 294.376 17.8941 263.962 20.0409 15.9654 39.1184 243.922 10.4208
internal_count=2496 1240 1028 1256 212 80 978 62 1176 70 50 150 1106 42
is_linear=0
shrinkage=0.5


Tree=4
num_leaves=15
num_cat=0
split_feature=0 1 3 5 3 0 3 3 2 7 0 7 3 6
split_gain=206.667 33.4532 33.1137 37.2196 16.4594 13.1426 9.2852 9.04186 8.99603 7.8658 6.21598 3.00188 1.47558 0.774643
threshold=-0.45711545633991663 -0.91142327600842943 -0.57594854435886111 0.21268216534978188 2.0282532818706236 0.051379601164055759 -1.0242694142196178 -0.19576274507958055 -1.862749052829215 -0.85513105470087936 -0.67802729439638176 1.8403702550567596 -0.63863028137006383 -0.073100411252921535
decision_type=2 2 2 2 2 2 2 2 2 2 2 2 2 2
left_child=1 6 3 13 9 -5 -1 8 -3 -4 -9 -6 -8 -2
right_child=2 7 4 5 11 -7 12 10 -10 -11 -12 -13 -14 -15
leaf_value=-0.18659759462322231 0.29180009319581623 0.092866464774252852 0.095979850145042414 -0.49957251943505787 0.067016483974314048 0.2697426601127057 0.2937177922341413 -0.43630522443134845 -0.42372939683073813 0.35920819936848114 0.082035207848572878 -0.59182721634100954 0.61187386948064071 0.47837584187922166
leaf_weight=7.57437536120415 8.5142533779144305 8.8068212270736677 31.113422572612762 32.904479801654816 2.5115094780921918 6.6782639920711508 5.9202566146850595 8.6370164752006549 195.56267070770264 323.08176663517952 17.508998960256577 5.5482149124145508 9.4800506532192195 16.051383972167969
leaf_count=27 29 30 102 106 22 21 21 32 742 1171 57 49 31 56
internal_value=0.0488271 -0.308705 0.261374 -0.06974 0.320008 -0.369776 0.266647 -0.366048 -0.401468 0.336086 -0.0891922 -0.386523 0.489567 0.41371
internal_weight=679.893 253.49 426.403 64.1484 362.255 39.5827 22.9747 230.516 204.369 354.195 26.146 8.05972 15.4003 24.5656
internal_count=2496 940 1556 212 1344 127 79 861 772 1273 89 71 52 85
is_linear=0
shrinkage=0.5


Tree=5
num_leaves=13
num_cat=0
split_feature=7 2 0 1 7 5 3 7 1 0 0 3
split_gain=38.344 15.0113 7.81484 17.0521 2.12208 3.31531 2.73244 2.11055 1.90554 0.348664 0.221381 0.0273497
threshold=1.0922297173900339 0.031442876721669115 0.91219636914699465 -1.3606286259109772 1.5274661091548369 -1.2877231301721761 0.46251938355839756 0.73790075654459486 -0.59247972607078714 0.87292779475497173 0.76109068579593175 1.2038518930514837
decision_type=2 2 2 2 2 2 2 2 2 2 2 2
left_child=2 4 9 -4 6 -6 -2 -5 -3 10 -1 -10
right_child=1 8 3 7 5 -7 -8 -9 11 -11 -12 -13
leaf_value=-0.35493830932427761 0.8216079468557318 0.040427627798799493 0.80411211415069117 -0.40117165250884279 0.45276757784244726 0.97482307963255932 0.18122887804942056 0.019548046627163827 -0.34944162235461407 -0.58025961046433927 -0.23226127082025522 -0.42718824100864644
leaf_weight=127.48251987621188 2.1370216906070727 5.0509500876069069 4.7892310768365887 10.543932378292082 9.0315244495868665 4.5849390998482695 7.5540327504277229 4.1558149755001059 5.2727944403886777 1.6855759769678105 3.7867518737912169 1.4401271343231199
leaf_count=1951 14 33 32 111 72 19 59 43 81 25 45 11
internal_value=-0.20251 0.268879 -0.310958 -0.0152707 0.501276 0.628554 0.322442 -0.282229 -0.191565 -0.354301 -0.351399 -0.366121
internal_weight=187.515 35.0714 152.444 19.489 23.3075 13.6165 9.69105 14.6997 11.7639 132.955 131.269 6.71292
internal_count=2496 289 2207 186 164 91 73 154 125 2021 1996 92
is_linear=0
shrinkage=0.5


Tree=6
num_leaves=13
num_cat=0
split_feature=0 5 3 6 0 5 3 0 0 5 1 2
split_gain=97.8427 35.6704 27.6777 18.5078 7.58335 6.00676 4.40747 4.28929 3.1822 5.58289 1.02589 0.0699106
threshold=-0.051723462537488989 0.033818133054849882 0.12375893468850989 2.2307311643529606 -0.45711545633991663 -0.28611043407990361 -0.75447756970447954 -0.47681092522382912 0.051379601164055759 0.057637299859705032 0.05811878622176269 -2.4784526512855591
decision_type=2 2 2 2 2 2 2 2 2 2 2 2
left_child=1 4 3 -3 5 -1 -2 -4 9 -8 -6 -10
right_child=6 2 7 -5 10 -7 8 -9 11 -11 -12 -13
leaf_value=-0.40289285480914239 0.12913104807604051 0.3392432976733511 0.011863614312250526 -0.63108819628845469 -0.40418498602361785 0.17098569793129675 -0.381491864122321 -0.37545564544634752 -0.43167714463871848 0.18392991690702193 -0.091980586913776113 -0.36990629402494518
leaf_weight=6.3028457611799267 5.1024655997753134 206.38418437540531 12.780866637825968 5.0340859591960898 26.191457219421867 16.487459175288677 10.540182381868364 16.218938797712326 4.763019271194934 7.4524996131658545 2.9251326173543921 119.55479190126061
leaf_count=37 21 1000 44 17 164 65 65 66 22 40 14 941
internal_value=0.0046678 0.172151 0.253307 0.316139 -0.20374 0.0122749 -0.327458 -0.204755 -0.343829 -0.147296 -0.37282 -0.372273
internal_weight=439.738 292.325 240.418 211.418 51.9069 22.7903 147.413 28.9998 142.31 17.9927 29.1166 124.318
internal_count=2496 1407 1127 1017 280 102 1089 110 1068 105 178 963
is_linear=0
shrinkage=0.5


Tree=7
num_leaves=14
num_cat=0
split_feature=0 5 3 5 0 5 0 3 0 4 0 0 0
split_gain=74.5308 13.7409 12.487 18.2145 13.0685 10.7554 10.6247 8.3033 6.10651 5.58505 4.40764 0.17447 0.0367951
threshold=-0.45711545633991663 -0.2480983514143838 -0.47319547592081818 0.041078817954627332 0.23985026352794817 -1.1398076726035975 0.59365085611125623 -0.24269625202086617 -0.041649324919857934 -1.4967801101839187 -0.7033042367227712 -0.61950006365233323 -0.29581735383082691
decision_type=2 2 2 2 2 2 2 2 2 2 2 2 2
left_child=1 11 3 12 -5 6 -4 9 -7 -3 -9 -1 -2
right_child=2 7 5 4 -6 8 -8 10 -10 -11 -12 -13 -14
leaf_value=0.44022105195973082 0.44054252140734296 0.090472612402113586 0.41860853845147633 -0.30640428130380121 0.43989734710949219 0.1541233942955629 -0.23603718000430438 -0.35292977803528014 0.33403761100211954 -0.34429302884788343 0.11700994414482538 0.29899180088099336 0.39034381455877065
leaf_weight=4.7398464679718018 5.0360394269228008 7.8594670295715323 8.7497403770685214 37.26412034034729 6.9618166387081137 70.412523791193962 21.251109626144171 6.7803823053836849 142.83644597232342 122.8291420340538 18.89138525724411 4.0599359124898893 13.267689973115919
leaf_count=21 24 37 39 159 31 273 171 36 785 754 71 21 74
internal_value=0.0377831 -0.232866 0.183968 -0.0153183 -0.188925 0.235197 -0.0451099 -0.26708 0.274632 -0.318147 -0.00710971 0.375062 0.404155
internal_weight=470.94 165.16 305.779 62.5297 44.2259 243.25 30.0009 156.36 213.249 130.689 25.6718 8.79978 18.3037
internal_count=2496 940 1556 288 190 1268 210 898 1058 791 107 42 98
is_linear=0
shrinkage=0.5


Tree=8
num_leaves=10
num_cat=0
split_feature=0 5 7 3 7 5 4 5 5
split_gain=27.8594 15.3935 6.93831 4.67643 2.81314 1.60713 0.475862 0.28166 0.0118423
threshold=0.59365085611125623 -0.87210450918047255 1.8403702550567596 0.51955818089238548 0.66564915556406057 -0.3935228544170033 1.7623715192048188 -1.2877231301721761 -1.1881687374667236
decision_type=2 2 2 2 2 2 2 2 2
left_child=6 3 5 -2 -5 -3 7 -1 -9
right_child=1 2 -4 4 -6 -7 -8 8 -10
leaf_value=-0.47908089908223916 0.81212302703228323 -0.045752910419607475 0.51897524735085299 -0.23185678927484191 0.37175831557645206 -0.37312140350514666 -0.094220394388807666 -0.39571712416001376 -0.34250428267626365
leaf_weight=4.034939929842948 5.8688279483467367 5.2776799388229909 3.2094948291778556 2.1966375559568432 15.9162275865674 12.943417115136979 1.8549963384866703 1.0613253973424424 70.326019376516342
leaf_count=24 39 78 12 25 140 242 32 13 1891
internal_value=-0.161759 0.149048 -0.158898 0.424236 0.298555 -0.2783 -0.344406 -0.35056 -0.343295
internal_weight=122.69 45.4123 21.4306 23.9817 18.1129 18.2211 77.2773 75.4223 71.3873
internal_count=2496 536 332 204 165 320 1960 1928 1904
is_linear=0
shrinkage=0.5


Tree=9
num_leaves=12
num_cat=0
split_feature=0 1 3 4 4 3 3 2 0 0 3
split_gain=43.5167 26.7657 15.6274 15.7033 8.33326 3.67078 2.06403 0.815266 0.0889424 0.45912 0.029117
threshold=0.051379601164055759 -0.84388930673626594 -0.31319429930880094 -1.8209418829782928 -0.63933854754998898 -1.0742878526888366 -0.83934653367503609 1.4672907922213176 0.18265487904851055 0.15467019827999637 -0.71283033708265398
decision_type=2 2 2 2 2 2 2 2 2 2 2
left_child=1 5 3 -3 -4 -1 -2 -7 9 -8 -10
right_child=6 2 4 -5 -6 7 8 -9 10 -11 -12
leaf_value=0.077931046654776487 0.091794821295101553 -0.56510118677879029 -0.38295362298604957 0.3217099173995368 0.069187580367328902 -0.4145834776117171 -0.35894330750607734 -0.13170425902868294 -0.44292716842357016 -0.075120232654706659 -0.35490311085521897
leaf_weight=5.0752135366201392 2.750239521265029 5.211253196001052 12.527361191809176 118.61387865245342 54.636463552713394 24.463360074907545 7.2481455802917463 2.8430589064955702 0.95395995676517387 1.7734924480319021 61.865117711480707
leaf_count=35 10 19 62 918 264 209 81 13 4 20 861
internal_value=-0.00263453 0.107786 0.179053 0.284388 -0.0151456 -0.312555 -0.333299 -0.385131 -0.349573 -0.303149 -0.35624
internal_weight=297.962 223.371 190.989 123.825 67.1638 32.3816 74.591 27.3064 71.8407 9.02164 62.8191
internal_count=2496 1520 1263 937 326 257 976 222 966 101 865
is_linear=0
shrinkage=0.5


Tree=10
num_leaves=14
num_cat=0
split_feature=3 1 7 2 0 1 3 7 2 0 7 2 0
split_gain=27.7395 16.7892 6.55945 6.38829 5.86499 14.3394 10.2599 7.2582 8.3597 4.55415 2.63537 1.37922 1.17879
threshold=-0.57594854435886111 -0.60731876074641866 -1.0187744659162223 -2.4784526512855591 -0.1294505638824289 -0.35096416468592456 0.57564820817483109 1.0922297173900339 0.031442876721669115 -0.85454763147858304 -0.86861315881703327 0.24827749108260388 0.043456495690124324
decision_type=2 2 2 2 2 2 2 2 2 2 2 2 2
left_child=1 2 -1 -3 5 11 -7 10 -9 -4 -6 -2 -5
right_child=4 3 9 12 7 6 -8 8 -10 -11 -12 -13 -14
leaf_value=-0.36276931023601033 0.48681217280955341 0.51204248563329069 -0.12142230025016132 -0.35476788211037097 0.025447756834139225 -0.14530714581062082 0.42127664677000043 -0.25437473071325195 0.29473194770740435 0.39394553687547146 0.29030369704729908 0.25199959027679802 -0.04277861815188682
leaf_weight=5.1644912511110332 12.058481760323049 2.2697737514972678 5.7612003237009075 65.943490013480186 10.464028060436247 63.317325912415981 9.1441018804907781 16.416561339050535 11.996435811743138 16.747570291161537 91.684474783018231 12.990734588354824 3.1732781305909148
leaf_count=28 75 8 38 672 54 324 42 164 99 115 783 77 17
internal_value=0.0357484 -0.185177 0.145432 -0.313339 0.131704 0.0389251 -0.0738084 0.200996 -0.0225328 0.262035 0.263172 0.365036 -0.340444
internal_weight=327.132 99.0598 27.6733 71.3865 228.072 97.5106 72.4614 130.561 28.413 22.5088 102.149 25.0492 69.1168
internal_count=2496 878 181 697 1618 518 366 1100 263 153 837 152 689
is_linear=0
shrinkage=0.5


Tree=11
num_leaves=11
num_cat=0
split_feature=0 2 7 1 7 0 5 1 5 5
split_gain=16.5515 5.57726 4.68134 4.44256 4.06415 3.59993 1.21907 0.730785 0.0427918 0.00735955
threshold=0.59365085611125623 -0.35023167787992932 1.8403702550567596 -1.6393247624953931 0.72474366406931001 1.1232571801624962 -0.87210450918047255 -2.1567605422650833 -1.4349144059030141 -1.1881687374667236
decision_type=2 2 2 2 2 2 2 2 2 2
left_child=7 4 3 -3 5 -2 -6 -1 -9 -10
right_child=1 2 -4 -5 6 -7 -8 8 9 -11
leaf_value=0.075756900339700506 -0.47496702531536295 0.37926102523644706 0.45848484080240881 -0.34285548929293791 0.55814830811960925 0.31616167060528727 0.22736404372259089 -0.45383487422708341 -0.37489239465167751 -0.33907468239560223
leaf_weight=1.0696584414690722 2.6348264347761896 2.6116675548255452 3.2175234723836175 11.546133121475577 9.2613223064690828 3.1654704306274652 3.9833296835422489 0.84570807218551536 1.4843449126929034 42.413754362612963
leaf_count=9 65 17 18 228 118 44 46 3 27 1921
internal_value=-0.132664 0.118924 -0.0859245 -0.209648 0.305813 -0.0432142 0.458665 -0.332668 -0.342432 -0.340286
internal_weight=82.2337 36.4203 17.3753 14.1578 19.0449 5.8003 13.2447 45.8135 44.7438 43.8981
internal_count=2496 536 263 245 273 109 164 1960 1951 1948
is_linear=0
shrinkage=0.5


Tree=12
num_leaves=12
num_cat=0
split_feature=0 1 6 3 0 6 7 3 0 0 3
split_gain=20.8124 13.2879 10.0719 10.4645 5.6048 2.82366 2.18751 2.05698 0.146567 0.566267 0.00254033
threshold=0.051379601164055759 -0.32626393289450983 2.7907366649970977 -0.039629795435792196 -0.57960341364506107 -0.25164460041947828 -0.2797443007308224 -0.83934653367503609 0.18265487904851055 0.15467019827999637 -0.65893683069469677
decision_type=2 2 2 2 2 2 2 2 2 2 2
left_child=1 4 3 -3 6 -6 -1 -2 9 -9 -10
right_child=7 2 -4 -5 5 -7 -8 8 10 -11 -12
leaf_value=0.21465588124590954 0.12633950211950165 0.29081938338939467 -0.56905758881871693 -0.064893276053844456 -0.024330754829100822 -0.35080251939304818 -0.1188978721899854 -0.34811608334292637 -0.37262691629438838 0.026167739781802715 -0.3455049327570921
leaf_weight=11.816131748259069 2.5677151978015891 82.437367543578148 4.4094912707805625 27.597351141273975 9.219939658418296 23.515025245025754 8.4166006911545974 4.2504243254661551 0.88479548692703147 1.3257555663585661 35.621732463361695
leaf_count=98 10 889 15 147 86 232 53 81 8 20 857
internal_value=-0.00481581 0.0760787 0.171911 0.201605 -0.130981 -0.25885 0.0759011 -0.308121 -0.33463 -0.259129 -0.346162
internal_weight=212.062 167.412 114.444 110.035 52.9677 32.735 20.2327 44.6504 42.0827 5.57618 36.5065
internal_count=2496 1520 1051 1036 469 318 151 976 966 101 865
is_linear=0
shrinkage=0.5


Tree=13
num_leaves=12
num_cat=0
split_feature=0 6 6 5 3 7 5 3 7 6 3
split_gain=12.5249 8.10606 7.33138 5.15908 14.1527 9.0025 4.72735 2.28601 2.23484 0.996028 0.431531
threshold=-0.57960341364506107 1.0528395938335218 -1.2204147715927687 0.047093437216970992 0.11365018758266564 1.0922297173900339 0.10716390505848374 0.44145386578126172 -0.2797443007308224 3.0444683433178725 -0.37816112238515248
decision_type=2 2 2 2 2 2 2 2 2 2 2
left_child=2 3 -1 5 -5 -2 8 -8 -4 10 -3
right_child=1 9 6 4 -6 -7 7 -9 -10 -11 -12
leaf_value=0.51709871892867332 0.25850866018380297 0.23403713308419771 -0.080702974754308668 -0.16626933000265229 0.24247956564366741 -0.2213212564964743 -0.30206135710683901 0.25060114247631832 0.35573447945617209 0.71612665159423772 0.42911897171641444
leaf_weight=3.7517976313829413 52.864001367241144 3.8944774456322202 9.4085958302021009 57.167628817260265 33.637731526046991 11.992920065298675 44.741410836577415 1.9527668952941883 4.2618669010698786 2.5340760461986056 10.418003981932998
leaf_count=13 648 34 69 418 312 152 681 7 30 17 115
internal_value=0.0276008 0.0977312 -0.161089 0.0620751 -0.0148533 0.169782 -0.20324 -0.278949 0.0553596 0.427193 0.376037
internal_weight=236.625 172.509 64.1164 155.662 90.8054 64.8569 60.3646 46.6942 13.6705 16.8466 14.3125
internal_count=2496 1696 800 1530 730 800 787 688 99 166 149
is_linear=0
shrinkage=0.5


Tree=14
num_leaves=13
num_cat=0
split_feature=0 1 0 1 7 1 7 0 5 3 6 0
split_gain=11.1911 4.53335 3.73278 2.36345 2.27222 1.2611 3.05471 1.05994 0.00967508 3.80732e-05 4.22307e-05 2.69631e-05
threshold=0.4788428356639397 -1.3887505531904638 1.4399750568327854 -0.30554179241597551 1.2139015984833834 -1.6255667414239536 0.56512149490060049 0.88576137907443575 -1.2877231301721761 0.27863882645135646 2.4647242421121529 -0.14461608049242186
decision_type=2 2 2 2 2 2 2 2 2 2 2 2
left_child=8 5 4 -4 -3 6 -2 -7 -1 10 -10 -11
right_child=1 2 3 -5 -6 7 -8 -9 9 11 -12 -13
leaf_value=-0.37762151853190323 -0.49401651817858361 -0.40723957927873156 0.42464518773360643 -0.3471786515912979 0.044031981388825712 0.23618668037275337 0.36645786304519812 0.73119651616031178 -0.33654268222750139 -0.33956724947117234 -0.34061331831688085 -0.33708397960800524
leaf_weight=1.5573563519865299 1.2457002205774186 6.6672982899472135 4.8320690905675292 1.2480380162596691 4.7959063509479165 1.697568435221912 5.9959248434752226 2.9794025104492903 19.295077460352339 2.1522383228875697 0.65891195274889369 2.2212750595062962
leaf_count=23 20 284 73 36 69 19 78 37 1578 89 25 165
internal_value=-0.0995504 0.111192 -0.0504689 0.266216 -0.218439 0.349146 0.21844 0.551526 -0.339416 -0.33697 -0.336677 -0.338306
internal_weight=55.3468 29.4619 17.5433 6.08011 11.4632 11.9186 7.24163 4.67697 25.8849 24.3275 19.954 4.37351
internal_count=2496 616 462 109 353 154 98 56 1880 1857 1603 254
is_linear=0
shrinkage=0.5


Tree=15
num_leaves=12
num_cat=0
split_feature=0 5 7 4 4 2 7 3 3 2 7
split_gain=11.213 8.44694 9.75571 8.44386 7.52844 2.95948 3.4834 0.00956379 0.0017976 0.000143612 0.000100274
threshold=0.21258760224509302 0.033818133054849882 0.64297777293472236 0.16534197518049312 -1.8209418829782928 -1.0573267961645521 -0.19389375993134719 -0.90990945637598164 -0.60839774322444762 -2.4784526512855591 -0.86861315881703327
decision_type=2 2 2 2 2 2 2 2 2 2 2
left_child=1 5 4 -4 -3 7 -7 -1 -2 -10 -11
right_child=8 2 3 -5 -6 6 -8 -9 9 10 -12
leaf_value=-0.61093309120044548 -0.36186116741219726 -0.41968200540429407 -0.48656960652777392 0.33217160306687493 0.20265261595162198 0.021189839158957783 -0.35819572803726413 -0.66721744248450254 -0.34709244535881983 -0.34575142278555737 -0.34029061147913114
leaf_weight=1.1832885388284924 1.0671285707503582 5.1398922819644204 11.266624916344879 4.3707752935588351 89.100966425612569 14.19523173756898 10.544857845641667 2.0839206799864796 0.87196348235011356 0.88002923317254556 18.786666497006074
leaf_count=6 14 24 69 43 1079 190 205 34 18 18 796
internal_value=-0.00693702 0.0455422 0.108022 -0.257725 0.168711 -0.199579 -0.140514 -0.646833 -0.341853 -0.340813 -0.340535
internal_weight=159.491 137.886 109.878 15.6374 94.2409 28.0073 24.7401 3.26721 21.6058 20.5387 19.6667
internal_count=2496 1650 1215 112 1103 435 395 40 846 832 814
is_linear=0
shrinkage=0.5


Tree=16
num_leaves=15
num_cat=0
split_feature=7 2 3 1 6 5 6 5 5 1 0 1 7 4
split_gain=6.709 6.87432 5.63155 6.79086 4.23904 4.76288 6.5275 4.49573 3.84722 5.289 3.67212 3.0273 2.66771 0.359355
threshold=-0.41022935435386826 -0.92556475105937064 0.41562916340249006 -0.1199798883792778 -0.061934120561157248 0.45708689929201368 1.522666247121494 -0.95646940520175239 -0.055085641963733625 0.47837577047341112 0.78380690876082149 2.1076578285308698 1.8403702550567596 0.77258300389915058
decision_type=2 2 2 2 2 2 2 2 2 2 2 2 2 2
left_child=1 8 3 -3 7 11 -7 10 -1 -10 -2 -6 -9 -4
right_child=4 2 13 -5 5 6 -8 12 9 -11 -12 -13 -14 -15
leaf_value=0.6447870722054414 0.25294335540237206 -0.053087954993519884 0.12930831965838596 -0.41582826067059442 0.082042028298988712 -0.29504984483489893 0.54382063666920011 0.30021580306823226 -0.33888916426594368 0.35931339286069081 -0.40326861752178356 0.74839138273332217 -0.29856170665878207 0.40041380776813296
leaf_weight=3.7500138022005567 3.7319615632295591 27.06467253901064 1.8509054612368334 24.657304750755433 35.483268914744258 17.836731279268864 2.6655314397066823 40.380230536684394 4.762331092730161 6.3012416418641806 4.9724594440776855 1.7904869318008412 1.9499742640182365 3.5992394089698792
leaf_count=34 34 286 29 451 496 231 51 595 60 83 95 6 18 27
internal_value=0.0219914 -0.0964262 -0.175076 -0.226016 0.100333 0.00758014 -0.185987 0.205338 0.207119 0.0587711 -0.121922 0.114051 0.272633 0.308345
internal_weight=180.796 71.9857 57.1721 51.722 108.811 57.776 20.5023 51.0346 14.8136 11.0636 8.70442 37.2738 42.3302 5.45014
internal_count=2496 970 793 737 1526 784 282 742 177 143 129 502 613 56
is_linear=0
shrinkage=0.5


Tree=17
num_leaves=13
num_cat=0
split_feature=0 5 1 3 7 5 4 5 5 3 0 5
split_gain=8.17665 2.79684 2.68169 2.15155 2.04891 1.62052 2.00159 0.675136 0.59763 0.537744 0.3805 0.0310495
threshold=0.78380690876082149 -0.70581349265232751 -1.5896011022534877 0.67654844619844579 1.8403702550567596 -1.1519758300428244 0.62148905980201896 -0.41406883780614256 -1.4349144059030141 0.70810797495760947 0.59365085611125623 -1.3557492240517928
decision_type=2 2 2 2 2 2 2 2 2 2 2 2
left_child=2 5 3 10 7 6 -2 -3 -4 -7 -1 -10
right_child=1 4 8 -5 -6 9 -8 -9 11 -11 -12 -13
leaf_value=-0.4040437157673582 -0.096570251597526094 0.048706769181073035 -0.72002950616132055 0.39073462049988578 0.3853019738207929 0.41174390390063165 0.43186016806388822 -0.3522346922108846 -0.47546464938399213 0.82562432613289294 0.047414575973251764 -0.33700481187576092
leaf_weight=1.7149230083450704 3.0245091463439167 1.5008764229714877 1.1078492701053679 2.410152358468622 1.8409015648066995 1.4047482246533056 4.3974857516586781 3.4947037571109814 0.41547946841456784 1.7783498452045021 0.64123938791453827 15.900946806417767
leaf_count=91 52 42 3 16 11 21 93 207 7 20 13 1920
internal_value=-0.0724053 0.183763 -0.273751 0.0585841 -0.0656112 0.34452 0.216521 -0.231775 -0.364659 0.642973 -0.281177 -0.340531
internal_weight=39.6322 17.4416 22.1906 4.76631 6.83648 10.6051 7.42199 4.99558 17.4243 3.1831 2.35616 16.3164
internal_count=2496 446 2050 120 260 186 145 249 1930 41 104 1927
is_linear=0
shrinkage=0.5


Tree=18
num_leaves=12
num_cat=0
split_feature=5 3 7 4 1 7 0 0 0 7 0
split_gain=6.57776 5.75873 4.86129 4.28296 4.15867 1.35973 0.0784464 0.0640207 0.00895172 0.00198156 0.000229483
threshold=-0.16541764171057174 0.55350084511299136 0.14428054351447336 -0.62135616567242591 -0.18570609544436326 -1.0187744659162223 -1.3318518866694753 -1.099135555634609 -0.14461608049242186 -0.83604267938211863 0.073692230420566246
decision_type=2 2 2 2 2 2 2 2 2 2 2
left_child=5 2 4 -4 -2 -1 -7 -8 9 -3 -10
right_child=1 8 3 -5 -6 6 7 -9 10 -11 -12
leaf_value=0.181831690920295 0.0065526269658335873 -0.38237096258495662 -0.34483940256555595 0.044122453288092368 0.24829493437316313 -0.50171586201337437 -0.15762310921030651 -0.34516185846718894 -0.34859524475946585 -0.3614972296321754 -0.33741928092276757
leaf_weight=1.3207785189151788 32.225145066622645 2.1079003363847733 11.160105409100654 19.345717147458345 39.717210115864873 0.78087148070335466 0.47071758843958456 13.68991597872809 0.52786722406744768 2.4683464635163546 3.5374780595302582
leaf_count=13 309 15 104 273 788 4 8 725 9 27 221
internal_value=-0.00745254 0.0360245 0.0690874 -0.0981735 0.140011 -0.30445 -0.347435 -0.338928 -0.355944 -0.371112 -0.33887
internal_weight=127.352 111.09 102.448 30.5058 71.9424 16.2623 14.9415 14.1606 8.64159 4.57625 4.06535
internal_count=2496 1746 1474 377 1097 750 737 733 272 42 230
is_linear=0
shrinkage=0.5


Tree=19
num_leaves=12
num_cat=0
split_feature=6 3 1 1 3 0 0 7 6 0 1
split_gain=3.80409 4.60211 3.09943 2.9073 6.04206 3.8633 1.8796 1.71056 0.951138 0.591422 0.322031
threshold=1.522666247121494 -0.67936631098673195 -0.6529509202890581 1.0000000180025095e-35 0.55350084511299136 1.1232571801624962 -0.44538740457142062 -1.4500526227479069 -1.2945857449438323 -0.59361163192272881 0.41767357739832572
decision_type=2 2 2 2 2 2 2 2 2 2 2
left_child=1 2 6 5 -5 -3 -1 -2 -4 -9 -11
right_child=7 3 8 4 -6 -7 -8 9 -10 10 -12
leaf_value=-0.10648215949970498 -0.26612869759826246 0.17233259777443422 0.3690745382760936 -0.13096705507960735 0.33782650822671956 -0.18940370831704839 0.33373306099820771 0.15032940675966719 -0.33445837263155981 0.37209506171945955 0.59432854521738865
leaf_weight=8.7768535930663329 1.1395051013678301 50.017371648456901 0.4945185855031039 38.755521208047867 8.3549896171316487 8.6587484562769514 3.3504210617393282 2.0952576426789156 16.84226053301245 4.4825442954897872 2.5617016991600394
leaf_count=68 12 790 4 452 203 198 56 37 563 71 42
internal_value=0.0182895 -0.00399619 -0.178759 0.0446792 -0.0478271 0.118952 0.0151368 0.311523 -0.314391 0.383544 0.452912
internal_weight=145.53 135.251 29.4641 105.787 47.1105 58.6761 12.1273 10.279 17.3368 9.1395 7.04425
internal_count=2496 2334 691 1643 655 988 124 162 567 150 113
is_linear=0
shrinkage=0.5


Tree=20
num_leaves=12
num_cat=0
split_feature=0 2 7 1 0 7 2 7 5 6 7
split_gain=4.66888 1.60791 1.57717 1.88154 1.01797 1.53319 1.5084 0.548737 0.0007384 9.85512e-06 3.40877e-06
threshold=0.4788428356639397 -0.48181052775955191 1.5274661091548369 -1.6393247624953931 1.1232571801624962 0.76026292930550732 -0.60864036556802315 1.6661414374493011 -1.2877231301721761 2.4647242421121529 0.95551884193967696
decision_type=2 2 2 2 2 2 2 2 2 2 2
left_child=8 4 3 -3 5 -2 -6 -4 -1 10 -10
right_child=1 2 7 -5 6 -7 -8 -9 9 -11 -12
leaf_value=-0.35253935968554967 -0.44479381708227422 0.27936549561348129 0.52555673476236897 -0.36351444810122308 0.20774034966539576 0.21869134971274065 0.79279826809578424 0.078126600441893693 -0.33479479434966375 -0.33775160387219255 -0.33598579009086244
leaf_weight=0.63929538102820771 1.1782138071721435 1.4962978297844527 1.0283469513524326 4.7547601285623369 4.1151583541650325 3.3361558692995459 1.5044555459171531 2.0539357932284474 8.3903552362462452 0.30901293165516186 0.64711803034879345
leaf_count=23 87 18 25 260 139 39 11 37 1745 25 87
internal_value=-0.0581454 0.0844313 -0.0653023 -0.20963 0.222335 0.0455271 0.364369 0.227403 -0.336099 -0.334975 -0.33488
internal_weight=29.4531 19.4673 9.33334 6.25106 10.134 4.51437 5.61961 3.08228 9.98578 9.34649 9.03747
internal_count=2496 616 340 278 276 126 150 62 1880 1857 1832
is_linear=0
shrinkage=0.5


Tree=21
num_leaves=11
num_cat=0
split_feature=0 5 6 3 0 3 7 3 7 3
split_gain=4.73216 2.88259 2.70712 3.07754 1.16004 0.00206353 0.000318786 0.000309053 0.000164582 5.40083e-05
threshold=0.21258760224509302 -0.28611043407990361 1.522666247121494 -0.20242764038360897 -0.59361163192272881 -0.96521085921914684 -1.028211157329644 -0.60839774322444762 -0.86861315881703327 0.091301057262279647
decision_type=2 2 2 2 2 2 2 2 2 2
left_child=1 5 3 -3 -4 -1 -7 -2 -9 -10
right_child=7 2 4 -5 -6 6 -8 8 9 -11
leaf_value=-0.36684449216607967 -0.34956843819258487 0.14763167526319185 0.081074493268860487 -0.04621311097461047 -0.3707290690365172 -0.35408416892214795 -0.33886960295733498 -0.34639248237551745 -0.33920809944257418 -0.33661803583958078
leaf_weight=0.88800823455676425 0.62744876556098361 50.798277252353728 1.9432431524619458 34.301756127271801 5.283829146064817 0.37919506058096875 3.7397761093452564 0.56211472302675147 3.1712577089201641 5.5092731014301535
leaf_count=14 14 1016 42 274 40 7 257 18 180 634
internal_value=-0.00894263 0.0245094 0.0445473 0.0694976 -0.249246 -0.344983 -0.34027 -0.33883 -0.338101 -0.337564
internal_weight=107.204 97.3341 92.3271 85.1 7.22707 5.00698 4.11897 9.87009 9.24265 8.68053
internal_count=2496 1650 1372 1290 82 278 264 846 832 814
is_linear=0
shrinkage=0.5


Tree=22
num_leaves=13
num_cat=0
split_feature=6 3 5 7 2 6 4 7 0 4 2 0
split_gain=2.42052 2.59118 3.38287 4.17193 1.76305 1.57657 1.35424 1.1839 0.904698 0.61388 0.385791 0.141632
threshold=1.522666247121494 -0.20242764038360897 0.10716390505848374 0.051014189276023143 0.056461623739925408 -0.82228829449052976 -0.12234304604315312 -1.2096778887139086 -0.59361163192272881 -1.0220114531079763 -0.074288671034673751 -0.40921846101156906
decision_type=2 2 2 2 2 2 2 2 2 2 2 2
left_child=1 2 4 -4 -1 7 -7 -3 10 -10 -2 -11
right_child=8 5 3 -5 -6 6 -8 -9 9 11 -12 -13
leaf_value=0.25494289736032105 -0.23705173171614727 -0.57788314512580374 -0.30562594767083229 0.044213203303500398 -0.050907225143748736 0.17389347879642417 -0.0075597644518391668 0.34662421417654338 0.056779757311847742 0.59569637221261573 0.18910362310694753 0.40133008168883977
leaf_weight=8.7072655768133718 0.9748706026002768 0.36614853143692005 22.211167554371059 13.827157587744294 10.268420313484965 13.930584142915903 39.267321676539723 6.3837252171360879 1.2385507198050616 1.2509050369262693 1.166595024988055 3.7379875029437226
leaf_count=161 26 1 694 215 184 281 551 247 30 5 19 82
internal_value=0.0158279 -0.00307144 -0.081431 -0.1714 0.0894365 0.0688391 0.0399562 0.296474 0.275444 0.371846 -0.00489731 0.450065
internal_weight=123.331 114.962 55.014 36.0383 18.9757 59.9478 53.1979 6.74987 8.36891 6.22744 2.14147 4.98889
internal_count=2496 2334 1254 909 345 1080 832 248 162 117 45 87
is_linear=0
shrinkage=0.5


Tree=23
num_leaves=10
num_cat=0
split_feature=0 7 2 1 1 5 5 6 2
split_gain=3.00593 1.37662 1.22403 1.20492 0.743366 0.187268 0.000166533 2.49018e-06 1.21878e-06
threshold=0.4788428356639397 0.56512149490060049 1.0387903740223392 -1.3606286259109772 -0.17886665542769281 -1.4349144059030141 -1.2877231301721761 2.4647242421121529 1.4672907922213176
decision_type=2 2 2 2 2 2 2 2 2
left_child=6 3 4 -2 -3 -5 -1 8 -8
right_child=1 2 -4 5 -6 -7 7 -9 -10
leaf_value=-0.34504310215124351 0.085469056069704757 0.2482799135105771 -0.43695375788663238 -0.73243332651521864 -0.16405234278207079 -0.34679964984878586 -0.33434326429697347 -0.33628151952356033 -0.33509996819418414
leaf_weight=0.39782513002865272 2.5712194489315152 9.905525400885379 0.80154245172161687 0.37197652459144626 1.22865231306059 2.0485668999608633 5.202737950719893 0.18553595867706452 0.5927483431296422
leaf_count=23 36 242 39 1 95 203 1693 25 139
internal_value=-0.0426226 0.0676068 0.159818 -0.152878 0.202779 -0.406062 -0.335137 -0.334478 -0.334421
internal_weight=23.3063 16.9275 11.9357 4.99176 11.1342 2.42054 6.37885 5.98102 5.79549
internal_count=2496 616 376 240 337 204 1880 1857 1832
is_linear=0
shrinkage=0.5


Tree=24
num_leaves=11
num_cat=0
split_feature=0 1 6 0 2 3 3 3 1 7
split_gain=2.97537 2.43469 2.11829 2.62762 2.04426 1.02886 0.000221059 4.20491e-05 2.71393e-05 1.57083e-05
threshold=0.21258760224509302 -0.84388930673626594 -1.6251582268717575 -0.77869858110340762 1.7554954820117101 -1.2622702750028292 -0.63863028137006383 -0.082280504000193086 -0.22851377926937338 -0.89227485308426246
decision_type=2 2 2 2 2 2 2 2 2 2
left_child=1 4 -3 -4 5 -1 -2 8 -8 -9
right_child=6 2 3 -5 -6 -7 7 9 -10 -11
leaf_value=0.26536313771411152 -0.34945150204603914 -0.43053493828193978 0.32163010994021263 0.02810216929630853 0.40568650953827889 -0.30895523158674726 -0.33657456002738245 -0.34068093314809555 -0.34049224718657489 -0.33577928692148312
leaf_weight=0.84595119673758645 0.36830812506377686 2.2420748975127927 8.648842554073779 64.366063423221931 1.2734675854444493 9.9740549306152371 0.76111544389277686 0.17026817053556431 1.054534026654437 4.0817231172914026
leaf_count=20 11 20 498 817 10 285 74 10 48 703
internal_value=-0.00946475 0.014709 0.0481718 0.0628715 -0.193528 -0.264053 -0.337558 -0.336836 -0.33885 -0.335976
internal_weight=93.7864 87.3505 75.257 73.0149 12.0935 10.82 6.43595 6.06764 1.81565 4.25199
internal_count=2496 1650 1335 1315 315 305 846 835 122 713
is_linear=0
shrinkage=0.5


Tree=25
num_leaves=10
num_cat=0
split_feature=6 0 1 1 3 6 7 0 7
split_gain=2.03651 2.21911 2.27738 2.17549 1.4322 1.26212 0.0483748 0.00812525 0.00159941
threshold=-1.6848377345880454 -0.45711545633991663 2.1795985050964002 -0.54947956052901714 -1.1104729417095121 1.1311241956263038 0.22756956223258853 -1.0341050257014766 0.66564915556406057
decision_type=2 2 2 2 2 2 2 2 2
left_child=6 2 3 -2 -3 -6 -1 -8 -9
right_child=1 4 -4 -5 5 -7 7 8 -10
leaf_value=0.48655096282292093 0.056257940858260899 0.73250356604715816 0.65080675566792068 -0.20294563449582992 0.03008896346385305 0.33717937117361918 0.40421302116609209 0.34901395736749713 0.31506033088461022
leaf_weight=1.0751774408854538 12.07066611247137 0.76923459023237128 0.9903886541724195 24.577163553331047 63.237073331489228 3.5327792717143884 0.65071731805801447 1.0421886802650981 0.51983953156741347
leaf_count=7 133 22 5 793 1335 138 3 34 26
internal_value=0.0120486 -6.48452e-05 -0.0973533 -0.117572 0.0541521 0.0463371 0.399546 0.35727 0.337714
internal_weight=108.465 105.177 37.6382 36.6478 67.5391 66.7699 3.28792 2.21275 1.56203
internal_count=2496 2426 931 926 1495 1473 70 63 60
is_linear=0
shrinkage=0.5


Tree=26
num_leaves=10
num_cat=0
split_feature=0 4 7 4 2 7 5 4 5
split_gain=2.17811 1.05615 0.805887 1.06404 0.859831 0.490191 0.376136 0.273343 0.173517
threshold=0.68947686579738765 1.7623715192048188 0.57442886018271644 0.68309340703540156 1.0387903740223392 1.5274661091548369 0.55793143072667883 0.076317482205198225 -1.6598533544526772
decision_type=2 2 2 2 2 2 2 2 2
left_child=1 5 3 7 6 8 -4 -2 -1
right_child=2 -3 4 -5 -6 -7 -8 -9 -10
leaf_value=0.35494187435546737 -0.038329987915676489 0.41599119397592343 0.25472298775274782 0.27678424442244026 -0.41029323157491099 0.25219921090142117 -0.13316766857883022 -0.38904702417224091 -0.3617009654093975
leaf_weight=0.085759237408638778 0.81269897797028523 0.53795202600304026 7.6174359226715715 1.3019673940725622 0.57317893733852621 0.35817505081649859 0.68084022920811538 1.7559173498011658 5.5966761481249723
leaf_count=1 84 33 246 36 31 20 49 40 1956
internal_value=-0.0216966 -0.25534 0.0989306 -0.0914387 0.181988 -0.315126 0.222898 -0.278082 -0.350885
internal_weight=19.3206 6.57856 12.742 3.87058 8.87146 6.04061 8.29828 2.56862 5.68244
internal_count=2496 2010 486 160 326 1977 295 124 1957
is_linear=0
shrinkage=0.5


Tree=27
num_leaves=13
num_cat=0
split_feature=3 7 2 6 1 3 5 4 0 7 0 5
split_gain=2.1176 1.78725 3.15445 2.33715 4.00573 1.82998 1.68929 1.40718 0.0014212 0.000391095 1.99685e-05 4.52906e-06
threshold=0.55350084511299136 -0.50130626056683714 -0.82248649546083386 -0.094085777559626813 -0.32626393289450983 -0.90990945637598164 0.19487017378257934 -0.17202004384089506 -0.14461608049242186 -0.83604267938211863 0.063427381920003134 -1.3557492240517928
decision_type=2 2 2 2 2 2 2 2 2 2 2 2
left_child=1 2 7 5 -5 -3 -4 -1 9 -2 -10 -12
right_child=8 3 6 4 -6 -7 -8 -9 10 -11 11 -13
leaf_value=0.061155642324708957 -0.36008692977530321 0.23069615993016895 0.03850684777506453 -0.20071662579814678 0.16982343258324537 -0.28353672021867077 0.29331510090631707 -0.3832930193589108 -0.33924971762668665 -0.34774173128656638 -0.33685297012067045 -0.3344609343195154
leaf_weight=3.1100754827493802 1.2626435495913031 1.9944313999731083 11.827650382183494 11.961336338470572 18.69127511151601 13.052690130774861 14.452694452833382 4.1672014304203904 0.30697342241182823 1.3042042632587252 0.23384124196309097 1.2869337156225811
leaf_count=89 15 94 192 340 359 363 430 92 14 30 123 355
internal_value=-0.00838451 0.0103479 0.0979682 -0.0539923 0.0252304 -0.215377 0.178637 -0.19335 -0.346227 -0.353814 -0.335571 -0.334829
internal_weight=83.652 79.2574 33.5576 45.6997 30.6526 15.0471 26.2803 7.27728 4.3946 2.56685 1.82775 1.52077
internal_count=2496 1959 803 1156 699 457 622 181 537 45 492 478
is_linear=0
shrinkage=0.5


Tree=28
num_leaves=15
num_cat=0
split_feature=3 5 0 2 2 2 4 6 3 6 6 4 2 4
split_gain=1.19068 1.94141 2.22761 1.82262 1.79857 1.60133 2.08452 1.79826 1.06591 1.04766 2.60871 0.413699 0.280876 0.191095
threshold=-0.67936631098673195 0.29564541867230965 -0.44538740457142062 -0.022115089059700315 1.4180345811917334 0.60634561271696363 -0.81820370005783649 -0.76897283849938314 -0.77813205980163869 0.23807133173033351 0.93353608739286398 0.68309340703540156 -2.4784526512855591 -0.55900317627784291
decision_type=2 2 2 2 2 2 2 2 2 2 2 2 2 2
left_child=1 2 3 -1 5 7 -7 -2 -4 13 -11 12 -3 -6
right_child=4 11 8 -5 9 6 -8 -9 -10 10 -12 -13 -14 -15
leaf_value=0.082905809219189344 0.30598747120425945 0.34228955029231073 0.52794334557833411 -0.37687480425572523 0.55004010906673373 0.48585931871388305 -0.1691595444208793 0.021289282250228976 -0.078472416876570805 -0.32778094086488735 0.62617890708510859 0.26245674562638505 -0.36229902016711013 0.33499545706466677
leaf_weight=4.8735915594734243 6.2875512987957327 0.14470699615776617 2.4862170554697518 3.8646408123895517 1.9876479059457777 1.3136895720381314 16.105543458834291 47.063758192467503 1.022721321554857 1.8093445212580266 1.1866607100237159 0.29166430258192111 6.2723986916244012 2.1511108085978767
leaf_count=63 242 4 51 90 7 18 272 1106 27 32 27 10 494 53
internal_value=0.00864232 -0.103741 0.0146883 -0.12044 0.0359875 0.0118655 -0.119761 0.0548415 0.351196 0.275257 0.0500644 -0.31994 -0.34641 0.438271
internal_weight=96.8612 18.9559 12.2472 8.73823 77.9053 70.7705 17.4192 53.3513 3.50894 7.13476 2.99601 6.70877 6.41711 4.13876
internal_count=2496 739 231 153 1757 1638 290 1348 78 119 59 508 498 60
is_linear=0
shrinkage=0.5


Tree=29
num_leaves=12
num_cat=0
split_feature=0 7 2 0 1 3 6 1 5 7 4
split_gain=1.46379 0.558786 0.979653 0.86436 0.771913 0.690035 0.602609 0.198786 1.93182e-05 5.33266e-07 4.31434e-07
threshold=0.4788428356639397 1.2139015984833834 -0.36053401111802535 0.91219636914699465 -1.79409030351995 0.94732471499983839 -0.37292108888905579 -0.090274515005517322 -1.2877231301721761 1.5445011847010284 2.1454142365841826
decision_type=2 2 2 2 2 2 2 2 2 2 2
left_child=8 2 3 -2 -4 6 -3 -7 -1 10 -10
right_child=1 5 4 -5 -6 7 -8 -9 9 -11 -12
leaf_value=-0.33915772208389727 -0.25246584064888339 -0.24604787015591367 0.28604672193602715 0.2301462040407512 -0.3546923851515883 0.41847007851475504 0.31201876984971594 0.10272864814569727 -0.33390017839770236 -0.33551708234986821 -0.33509364412417053
leaf_weight=0.19240626372629899 1.214086964027955 1.2459811206208544 0.57504983991384451 3.9340037218062207 2.5743734761927044 2.2875021491199736 0.79071011883206566 0.63740173449332349 2.5132376764522659 0.054460724699310847 0.078076618490740546
leaf_count=23 91 29 5 113 213 93 41 31 1834 12 11
internal_value=-0.00843155 0.0613267 -0.0180462 0.116331 -0.237701 0.194066 -0.0293882 0.349663 -0.33432 -0.333969 -0.333936
internal_weight=16.0973 13.2591 8.29751 5.14809 3.14942 4.9616 2.03669 2.9249 2.83818 2.64578 2.59131
internal_count=2496 616 422 204 218 194 70 124 1880 1857 1845
is_linear=0
shrinkage=0.5


end of trees

feature_importances:
Column_0=76
Column_3=56
Column_7=52
Column_5=51
Column_1=37
Column_6=27
Column_2=26
Column_4=20

parameters:
[boosting: gbdt]
[objective: multiclass]
[metric: multi_logloss]
[tree_learner: serial]
[device_type: cpu]
[data_sample_strategy: bagging]
[data: ]
[valid: ]
[num_iterations: 10]
[learning_rate: 0.5]
[num_leaves: 15]
[num_threads: 1]
[seed: 0]
[deterministic: 1]
[force_col_wise: 0]
[force_row_wise: 1]
[histogram_pool_size: -1]
[max_depth: 4]
[min_data_in_leaf: 20]
[min_sum_hessian_in_leaf: 0.001]
[bagging_fraction: 1]
[pos_bagging_fraction: 1]
[neg_bagging_fraction: 1]
[bagging_freq: 0]
[bagging_seed: 7719]
[bagging_by_query: 0]
[feature_fraction: 1]
[feature_fraction_bynode: 1]
[feature_fraction_seed: 2437]
[extra_trees: 0]
[extra_seed: 11797]
[early_stopping_round: 0]
[early_stopping_min_delta: 0]
[first_metric_only: 0]
[max_delta_step: 0]
[lambda_l1: 0]
[lambda_l2: 0]
[linear_lambda: 0]
[min_gain_to_split: 0]
[drop_rate: 0.1]
[max_drop: 50]
[skip_drop: 0.5]
[xgboost_dart_mode: 0]
[uniform_drop: 0]
[drop_seed: 21238]
[top_rate: 0.2]
[other_rate: 0.1]
[min_data_per_group: 100]
[max_cat_threshold: 32]
[cat_l2: 10]
[cat_smooth: 10]
[max_cat_to_onehot: 4]
[top_k: 20]
[monotone_constraints: ]
[monotone_constraints_method: basic]
[monotone_penalty: 0]
[feature_contri: ]
[forcedsplits_filename: ]
[refit_decay_rate: 0.9]
[cegb_tradeoff: 1]
[cegb_penalty_split: 0]
[cegb_penalty_feature_lazy: ]
[cegb_penalty_feature_coupled: ]
[path_smooth: 0]
[interaction_constraints: ]
[verbosity: -1]
[saved_feature_importance_type: 0]
[use_quantized_grad: 0]
[num_grad_quant_bins: 4]
[quant_train_renew_leaf: 0]
[stochastic_rounding: 1]
[linear_tree: 0]
[max_bin: 255]
[max_bin_by_feature: ]
[min_data_in_bin: 3]
[bin_construct_sample_cnt: 200000]
[data_random_seed: 38]
[is_enable_sparse: 1]
[enable_bundle: 1]
[use_missing: 1]
[zero_as_missing: 0]
[feature_pre_filter: 1]
[pre_partition: 0]
[two_round: 0]
[header: 0]
[label_column: ]
[weight_column: ]
[group_column: ]
[ignore_column: ]
[categorical_feature: ]
[forcedbins_filename: ]
[precise_float_parser: 0]
[parser_config_file: ]
[objective_seed: 8855]
[num_class: 3]
[is_unbalance: 0]
[scale_pos_weight: 1]
[sigmoid: 1]
[boost_from_average: 1]
[reg_sqrt: 0]
[alpha: 0.9]
[fair_c: 1]
[poisson_max_delta_step: 0.7]
[tweedie_variance_power: 1.5]
[lambdarank_truncation_level: 30]
[lambdarank_norm: 1]
[label_gain: ]
[lambdarank_position_bias_regularization: 0]
[eval_at: ]
[multi_error_top_k: 1]
[auc_mu_weights: ]
[num_machines: 1]
[local_listen_port: 12400]
[time_out: 120]
[machine_list_filename: ]
[machines: ]
[gpu_platform_id: -1]
[gpu_device_id: -1]
[gpu_device_id_list: ]
[gpu_use_dp: 0]
[num_gpu: 1]

end of parameters

pandas_categorical:null
